## miComplete
## v1.1.1
Name	Length	GC-content	Present Markers	Completeness	Redundancy	Contigs	N50	L50	N90	L90	CDs	
final_contigs_7	1462127	0.38	72	0.6857	1.0278	21	123702	4	29389	13	1366	
final_contigs_6	1730693	0.53	104	0.9905	1.0096	64	40962	15	14691	41	1736	
final_contigs_5	2725602	0.33	105	1.0000	1.0286	44	112667	7	34893	24	2520	
final_contigs_3	4507436	0.37	105	1.0000	1.3619	141	542872	3	63262	13	4354	
final_contigs_4	3934201	0.44	103	0.9810	1.0000	23	294549	6	83985	14	3929	
final_contigs_2	6694668	0.66	95	0.9048	1.0105	60	259985	9	61971	31	6268	
final_contigs_1	9344521	0.51	99	0.9429	1.8485	178	89627	29	27863	98	8918	
