## miComplete
## v1.1.1
Name	Length	GC-content	Present Markers	Completeness	Redundancy	Contigs	N50	L50	N90	L90	CDs	
bin5	1793303	0.53	104	0.9905	1.0096	83	40505	16	12638	45	1771	
bin7	2701714	0.33	105	1.0000	1.0286	36	112667	7	38958	23	2493	
bin3	2904032	0.38	105	1.0000	1.0381	10	542872	2	137209	7	2862	
bin8	2719453	0.38	104	0.9905	1.0192	30	235381	4	36441	16	2564	
bin1	4128444	0.52	60	0.5714	1.0667	58	119428	10	37192	37	3933	
bin2	3934201	0.44	103	0.9810	1.0000	23	294549	6	83985	14	3929	
bin6	4552542	0.51	84	0.8000	1.1310	92	74651	18	23514	54	4281	
bin4	6700194	0.66	103	0.9810	1.0097	60	259985	9	61971	31	6283	
